/home/sebastien/Documents/UPSSITECH/RedStringProject/Data/IMG_RG/home/sebastien/Documents/UPSSITECH/RedStringProject/Data/IMG_RGB/42.txt
0 -1274276515
1 32984
2 -1274279036
3 32691
4 8
5 190
6 90
7 153
8 858923058
9 875700278
10 892477499
11 892477620
12 892477488
13 892477492
14 892477491
15 892477491
16 892480024
17 892477644
18 892477490
19 892477490
20 892477957
21 892479607
22 875702308
23 875700313
24 875700279
25 875700292
26 875705337
27 875700600
28 875700274
29 858923058
30 858923063
31 842080307
32 825308951
33 808525895
34 808525880
35 825303091
36 859382732
37 892876148
38 825635208
39 909259040
40 540095534
41 840970615
42 942745435
43 824195499
44 825368628
45 540226080
46 824193377
47 825303294
48 824196095
49 808591416
50 540619040
51 824193841
52 875702528
53 540620315
54 540024898
55 540024880
56 540025600
57 926034126
58 807416696
59 958412080
60 540619066
61 824193631
62 825303529
63 540557934
 ; /home/sebastien/Documents/UPSSITECH/RedStringProject/Data/IMG_RG/home/sebastien/Documents/UPSSITECH/RedStringProject/Data/IMG_RGB/42.txt
0 -1274276515
1 32984
2 -1274279036
3 32691
4 8
5 190
6 90
7 153
8 909254712
9 540619040
10 840972595
11 842533553
12 540227616
13 941634616
14 892870709
15 540358688
16 941637405
17 892870863
18 540358688
19 941635128
20 926425610
21 540557414
22 941637674
23 943202392
24 540555297
25 941635656
26 943207421
27 540555621
28 941635640
29 809050168
30 540620832
31 941635896
32 959985440
33 540031278
34 958410809
35 842604593
36 540163259
37 958412451
38 842604698
39 540162336
40 958411335
41 876159348
42 540098635
43 958411204
44 842604593
45 540162336
46 941634408
47 809050368
48 540490495
49 941634619
50 892870708
51 540162080
52 924860415
53 859252015
54 540096041
55 891302453
56 875897603
57 540032442
58 891303309
59 959717446
60 540554298
61 874525793
62 825500135
63 540099950
 ; /home/sebastien/Documents/UPSSITECH/RedStringProject/Data/IMG_RG/home/sebastien/Documents/UPSSITECH/RedStringProject/Data/IMG_RGB/41.txt
0 -1274268329
1 32767
2 -1274279048
3 32691
4 1777
5 4493
6 0
7 0
8 875634736
9 892411960
10 875634736
11 858857526
12 875634744
13 875634736
14 875634742
15 875634742
16 858859454
17 842080348
18 842080312
19 842080309
20 842083687
21 842092327
22 808525933
23 859381815
24 540490028
25 540095008
26 540095352
27 540095025
28 540553521
29 540356657
30 941635896
31 909582385
32 540620486
33 908079163
34 959848504
35 540358432
36 908080697
37 825696572
38 540293153
39 941635384
40 808526022
41 808526619
42 808527606
43 825303091
44 808525875
45 842080350
46 858857597
47 858857547
48 842080349
49 858857529
50 825303088
51 876159029
52 540292899
53 924857919
54 959914039
55 540227616
56 941634982
57 892870820
58 540489789
59 958411577
60 892936271
61 540621415
62 540160327
63 941633868
 ; /home/sebastien/Documents/UPSSITECH/RedStringProject/Data/IMG_RG/home/sebastien/Documents/UPSSITECH/RedStringProject/Data/IMG_RGB/32.txt
0 -1274271084
1 32774
2 -1274279048
3 32691
4 6764
5 754
6 0
7 0
8 840970784
9 840970784
10 840970784
11 840970784
12 840970784
13 840970784
14 840970784
15 840970784
16 840970784
17 840970784
18 840970784
19 840970784
20 840978776
21 840974398
22 840970821
23 840970784
24 840972247
25 840974855
26 840970843
27 840970784
28 840970784
29 840970784
30 840970784
31 840970784
32 840970784
33 840970784
34 840970784
35 857748256
36 857748256
37 857748256
38 857748256
39 840970784
40 840970933
41 840973332
42 840971132
43 857748263
44 840970795
45 840972079
46 824193809
47 840970807
48 840970784
49 840970784
50 840970784
51 840970784
52 840970784
53 840970784
54 840970784
55 840970784
56 840970784
57 840970784
58 840970784
59 840970784
60 840970784
61 840971504
62 840972225
63 840970944
 ; /home/sebastien/Documents/UPSSITECH/RedStringProject/Data/IMG_RG/home/sebastien/Documents/UPSSITECH/RedStringProject/Data/IMG_RGB/31.txt
0 -1274271059
1 32691
2 -1274279048
3 32691
4 7
5 0
6 0
7 0
8 959590944
9 942813728
10 892482080
11 842150432
12 959525408
13 959525408
14 808596000
15 808596000
16 942754516
17 892416545
18 875639328
19 875639328
20 842090664
21 842087131
22 892416544
23 959525408
24 858927648
25 892482245
26 942813728
27 808661536
28 875770400
29 926102048
30 959656480
31 859058720
32 942944820
33 959722016
34 842347040
35 825569824
36 859130803
37 842349936
38 842347040
39 825569824
40 959722016
41 959727990
42 959722085
43 959722016
44 859124256
45 875901472
46 892678688
47 875901472
48 859124256
49 859124256
50 892678688
51 875901472
52 875901738
53 892678745
54 892678688
55 892678688
56 892678741
57 892680313
58 892678692
59 892678688
60 892678688
61 842347040
62 825569824
63 842347040
 ; /home/sebastien/Documents/UPSSITECH/RedStringProject/Data/IMG_RG/home/sebastien/Documents/UPSSITECH/RedStringProject/Data/IMG_RGB/22.txt
0 -1274272596
1 33647
2 -1274279048
3 32691
4 1
5 1114
6 2272
7 0
8 958411321
9 808525873
10 808525877
11 943267891
12 875639072
13 909193504
14 808464672
15 959459616
16 842019104
17 540293408
18 824193593
19 824193072
20 824194097
21 824195987
22 824196800
23 824193585
24 824195120
25 824195125
26 824197719
27 824195545
28 824195376
29 824194864
30 824194864
31 824195120
32 824195120
33 824194608
34 824193840
35 824193584
36 824194608
37 824193333
38 824193074
39 824194352
40 824193073
41 824194866
42 824199994
43 824199122
44 824195121
45 824193585
46 824193074
47 824197181
48 824194608
49 824193329
50 824193073
51 958411312
52 808525879
53 808525872
54 825303096
55 808525874
56 808525881
57 943267893
58 540424224
59 891301943
60 909385781
61 540095520
62 874524980
63 859126982
 ; /home/sebastien/Documents/UPSSITECH/RedStringProject/Data/IMG_RG/home/sebastien/Documents/UPSSITECH/RedStringProject/Data/IMG_RGB/21.txt
0 -1274277032
1 49665
2 -1274279016
3 32691
4 11
5 59
6 0
7 0
8 891302706
9 858857521
10 858857523
11 942743607
12 540291360
13 840970289
14 959651897
15 540424224
16 540292426
17 824194890
18 825303095
19 540424480
20 540161800
21 941643461
22 875831510
23 540030240
24 857749298
25 842211438
26 540291999
27 840971316
28 892477493
29 540160544
30 857748020
31 909451316
32 540160800
33 824194357
34 824193585
35 824194358
36 908079667
37 859122652
38 540030792
39 941634360
40 925966393
41 842081507
42 825307454
43 825827410
44 540161824
45 857748787
46 959914098
47 808857976
48 540619808
49 540291377
50 540292913
51 958412856
52 858857523
53 842080312
54 842080310
55 825303091
56 959782968
57 540162080
58 924856511
59 926359604
60 808595744
61 540424224
62 924857633
63 825305672
 ; /home/sebastien/Documents/UPSSITECH/RedStringProject/Data/IMG_RG/home/sebastien/Documents/UPSSITECH/RedStringProject/Data/IMG_RGB/12.txt
0 -1274265858
1 32691
2 -1274279048
3 32691
4 31
5 0
6 0
7 0
8 825303097
9 842080307
10 909189177
11 825368629
12 825368625
13 959520823
14 875634743
15 926425138
16 874526550
17 807415842
18 857747488
19 840970528
20 874531154
21 892680799
22 540226848
23 891304243
24 808984629
25 925905205
26 540096289
27 824193331
28 825368625
29 825372960
30 808661258
31 540358176
32 857748533
33 808788022
34 808726816
35 842346784
36 892678435
37 892680292
38 875966753
39 943075616
40 808661280
41 807422442
42 824198394
43 825303097
44 891303456
45 891303712
46 891302182
47 540225824
48 909189175
49 540160288
50 540483634
51 540024885
52 824193073
53 540549170
54 908080689
55 926031926
56 540553760
57 924857143
58 809051093
59 540030752
60 540024880
61 540024880
62 842278311
63 540096513
 ; /home/sebastien/Documents/UPSSITECH/RedStringProject/Data/IMG_RG/home/sebastien/Documents/UPSSITECH/RedStringProject/Data/IMG_RGB/11.txt
0 -1274270918
1 32692
2 -1274279048
3 32691
4 33
5 25
6 0
7 0
8 942940212
9 540029984
10 840970546
11 959520819
12 540357152
13 924857399
14 875831353
15 807415840
16 807418030
17 874525984
18 875634736
19 925966388
20 892417133
21 858860147
22 808525875
23 808525872
24 943136824
25 540620611
26 941635384
27 808525874
28 808525872
29 842080310
30 892411960
31 892411955
32 875634743
33 875634745
34 875634745
35 892411958
36 925968315
37 909192478
38 859250740
39 807417888
40 857748299
41 875904541
42 540426491
43 924857401
44 909582388
45 540162336
46 941636009
47 943136818
48 540292896
49 891302199
50 959914039
51 171063584
52 540161073
53 540291377
54 540553265
55 540291121
56 891302713
57 807416987
58 824195175
59 858857521
60 540357408
61 891303480
62 875965399
63 540425204
 ; h´³/home/sebastien/Documents/UPSSITECH/RedStringProject/Data/IMG_RG/home/sebastien/Documents/UPSSITECH/RedStringProject/Data/IMG_RGB/02.txt
0 -1274270630
1 32691
2 -1274279048
3 32691
4 43
5 0
6 0
7 0
8 540488241
9 540488241
10 540488241
11 540488241
12 540488241
13 540488241
14 540488241
15 540488241
16 540488832
17 540488241
18 540488241
19 540488241
20 540496337
21 540493501
22 540488241
23 540488241
24 540488241
25 540488300
26 540488241
27 540488241
28 540488241
29 540488241
30 540488241
31 540488241
32 540488241
33 540488241
34 540488241
35 540488241
36 540489026
37 540490663
38 540488241
39 540488241
40 540488595
41 540497713
42 540490055
43 540488241
44 540488241
45 540488241
46 540488316
47 540488241
48 540488241
49 540488241
50 540488241
51 540488241
52 540488241
53 540488241
54 540488241
55 540488241
56 540488247
57 540488468
58 540488771
59 540488241
60 540488241
61 540488253
62 540489247
63 540489071
 ; 127 127 127 127 127 127 127 127 127 127 127 127 127 127 127 127 127 127 127 127 127 127 127
127 127 127 127 127 127 127 127 127 127 127 127 127 127 127 127 127 127 127 127 127 127 127 127 127 127 127 127 127 127 127 127 127 127 127 127 127 127 127 127 127 127 127 127 127 127 127 127 127 127 127 127 127 127 127 127 127 127 127 127 127 127 127 127 127 127 127 127 127 127 127 127 127 127 127 127 127 127 127 Án/home/sebastien/Documents/UPSSITECH/RedStringProject/Data/IMG_RG/home/sebastien/Documents/UPSSITECH/RedStringProject/Data/IMG_RGB/01.txt
0 -1274277079
1 32691
2 -1274279048
3 32691
4 64
5 0
6 0
7 0
8 0
9 0
10 0
11 0
12 0
13 0
14 0
15 0
16 176
17 0
18 0
19 0
20 2391
21 5523
22 0
23 0
24 0
25 288
26 0
27 0
28 0
29 0
30 0
31 0
32 0
33 0
34 0
35 0
36 5
37 1221
38 0
39 0
40 0
41 13382
42 8066
43 0
44 0
45 0
46 247
47 1
48 0
49 0
50 0
51 0
52 0
53 0
54 0
55 0
56 0
57 159
58 2184
59 0
60 0
61 1
62 3828
63 495
 ; 191 191 191 191 191 191 191 191 191 191 191 191 191 191 191 191 191 191
191 191 191 191 191 191 191 191 191 191 191 191 191 191 191 191 191 191 191 191 191 191 191 191 191 191 191 191 191 191 191 191 191 191 191 191 191 191 191 191 191 191 191 191 191 191 191 191 191 191 191 191 191 191 191 191 191 191 191 191 191 191 191 191 191 191 191 191 191 191 191 191 191 191 191 191 191 191 191 191 191 191 191 191 191 191 191 191 191 191 191 191 191 191 191 191 191 191 191 191 191 191 191 191 191 191 191 191 191 191 191 191 191 191 191 191 191 191 191 191 191 191 191 191 191 191 191 191
191 191 191 191 191 191 191 191 191 191 191 191 191 191 191 191 191 191 191 191 191 191 191 191 191 191 191 191 191 191 191 191 191 191 191 191 191 191 191 191 191 191 191 191 191 191 191 191 191 191 191 191 191 191 191 191 191 191 191 191 191 191 191 191 191 191 191 191 191 191 191 191 191 191 191 191 191 191 191 191 191 191 191 191 191 191 191 191 191 191 191 191 191 191 191 191 191 191 191 191 191 191 191 191 191 191 191 191 191 191 191 191 191 191 191 191 191 191 191 191 191 191 191 191 191 191 191 191
191 191 191 191 191 191 191 191 191 191 191 191 191 191 191 191 191 191 191 191 191 191 191 191 191 191 191 191 191 191 191 191 191 191 191 191 191 191 191 191 191 191 191 191 191 191 191 191 191 191 191 191 191 191 191 191 191 191 191 191 191 191 191 191 191 191 191 191 191 191 191 191 191 191 191 191 191 191 191 191 191 191 191 191 191 191 191 191 191 191 191 191 191 191 191 191 191 191 191 191 191 191 191 191 191 191 191 191 191 191 191 191 191 191 191 191 191 191 191 191 191 191 191 191 191 191 191 191
191 191 191 191 191 191 191 191 191 191 191 191 191 191 191 191 191 191 191 191 191 191 191 191 191 191 191 191 191 191 191 191 191 191 191 191 191 191 191 191 191 191 191 191 191 191 191 191 191 191 191 191 191 191 191 191 191 191 191 191 191 191 191 191 191 191 191 191 191 191 191 191 191 191 191 191 191 191 191 191 191 191 191 191 191 191 191 191 191 191 191 191 191 191 191 191 191 191 191 191 191 191 191 191 191 191 191 191 191 191 191 191 191 191 191 191 191 191 191 191 191 191 191 191 191 191 191 191
191 191 191 191 191 191 191 191 191 191 191 191 191 191 191 191 191 191 191 191 191 191 191 191 191 191 191 191 191 191 191 191 191 191 191 191 191 191 191 191 191 191 191 191 191 191 191 191 191 191 191 191 191 191 191 191 191 191 191 191 191 191 191 191 191 191 191 191 191 191 191 191 191 191 191 191 191 191 191 191 191 191 191 191 191 191 191 191 191 191 191 191 191 191 191 191 191 191 191 191 191 191 191 191 191 191 191 191 191 191 191 191 191 191 191 191 191 191 191 191 191 191 191 191 191 191 191 191
191 191 191 191 191 191 191 191 191 191 191 191 191 191 191 191 191 191 191 191 191 191 191 191 191 191 191 191 191 191 191 191 191 191 191 191 191 191 191 191 191 191 191 191 191 191 191 191 191 191 191 191 191 191 191 191 191 191 191 191 191 191 191 191 191 191 191 191 191 191 191 191 191 191 191 191 191 191 191 191 191 191 191 191 191 191 191 191 191 191 191 191 191 191 191 191 191 191 191 191 191 191 191 191 191 191 191 191 191 191 191 191 191 191 191 191 191 191 191 191 191 191 191 191 191 191 191 191
191 191 191 191 191 191 191 191 191 191 191 191 191 191 191 191 191 191 /home/sebastien/Documents/UPSSITECH/RedStringProject/Data/IMG_NG/home/sebastien/Documents/UPSSITECH/RedStringProject/Data/IMG_NG/62.txt
0 5263
1 0
2 0
3 0
4 0
5 0
6 0
7 0
8 0
9 0
10 0
11 0
12 0
13 0
14 0
15 0
16 0
17 0
18 0
19 0
20 0
21 0
22 0
23 0
24 0
25 0
26 0
27 0
28 0
29 0
30 0
31 0
32 0
33 0
34 0
35 0
36 0
37 0
38 0
39 0
40 0
41 0
42 0
43 0
44 0
45 0
46 0
47 0
48 0
49 0
50 0
51 0
52 0
53 0
54 0
55 0
56 0
57 0
58 0
59 0
60 0
61 0
62 0
63 0
64 0
65 0
66 0
67 0
68 0
69 0
70 0
71 0
72 0
73 0
74 0
75 0
76 0
77 0
78 0
79 0
80 0
81 0
82 0
83 0
84 0
85 0
86 0
87 0
88 0
89 0
90 0
91 0
92 0
93 0
94 0
95 0
96 0
97 0
98 0
99 0
100 0
101 0
102 0
103 0
104 0
105 0
106 0
107 0
108 0
109 0
110 0
111 0
112 0
113 0
114 0
115 0
116 0
117 0
118 0
119 0
120 0
121 0
122 0
123 0
124 0
125 0
126 0
127 11121
128 0
129 0
130 0
131 0
132 0
133 0
134 0
135 0
136 0
137 0
138 0
139 0
140 0
141 0
142 0
143 0
144 0
145 0
146 0
147 0
148 0
149 0
150 0
151 0
152 0
153 0
154 0
155 0
156 0
157 0
158 0
159 0
160 0
161 0
162 0
163 0
164 0
165 0
166 0
167 0
168 0
169 0
170 0
171 0
172 0
173 0
174 0
175 0
176 0
177 0
178 0
179 0
180 0
181 0
182 0
183 0
184 0
185 0
186 0
187 0
188 0
189 0
190 0
191 0
192 0
193 0
194 0
195 0
196 0
197 0
198 0
199 0
200 0
201 0
202 0
203 0
204 0
205 0
206 0
207 0
208 0
209 0
210 0
211 0
212 0
213 0
214 0
215 0
216 0
217 0
218 0
219 0
220 0
221 0
222 0
223 0
224 0
225 0
226 0
227 0
228 0
229 0
230 0
231 0
232 0
233 0
234 0
235 0
236 0
237 0
238 0
239 0
240 0
241 0
242 0
243 0
244 0
245 0
246 0
247 0
248 0
249 0
250 0
251 0
252 0
253 0
254 0
255 0
 ; /home/sebastien/Documents/UPSSITECH/RedStringProject/Data/IMG_NG/home/sebastien/Documents/UPSSITECH/RedStringProject/Data/IMG_NG/62.txt
0 5263
1 0
2 0
3 0
4 0
5 0
6 0
7 0
8 0
9 0
10 0
11 0
12 0
13 0
14 0
15 0
16 0
17 0
18 0
19 0
20 0
21 0
22 0
23 0
24 0
25 0
26 0
27 0
28 0
29 0
30 0
31 0
32 0
33 0
34 0
35 0
36 0
37 0
38 0
39 0
40 0
41 0
42 0
43 0
44 0
45 0
46 0
47 0
48 0
49 0
50 0
51 0
52 0
53 0
54 0
55 0
56 0
57 0
58 0
59 0
60 0
61 0
62 0
63 0
64 0
65 0
66 0
67 0
68 0
69 0
70 0
71 0
72 0
73 0
74 0
75 0
76 0
77 0
78 0
79 0
80 0
81 0
82 0
83 0
84 0
85 0
86 0
87 0
88 0
89 0
90 0
91 0
92 0
93 0
94 0
95 0
96 0
97 0
98 0
99 0
100 0
101 0
102 0
103 0
104 0
105 0
106 0
107 0
108 0
109 0
110 0
111 0
112 0
113 0
114 0
115 0
116 0
117 0
118 0
119 0
120 0
121 0
122 0
123 0
124 0
125 0
126 0
127 11121
128 0
129 0
130 0
131 0
132 0
133 0
134 0
135 0
136 0
137 0
138 0
139 0
140 0
141 0
142 0
143 0
144 0
145 0
146 0
147 0
148 0
149 0
150 0
151 0
152 0
153 0
154 0
155 0
156 0
157 0
158 0
159 0
160 0
161 0
162 0
163 0
164 0
165 0
166 0
167 0
168 0
169 0
170 0
171 0
172 0
173 0
174 0
175 0
176 0
177 0
178 0
179 0
180 0
181 0
182 0
183 0
184 0
185 0
186 0
187 0
188 0
189 0
190 0
191 0
192 0
193 0
194 0
195 0
196 0
197 0
198 0
199 0
200 0
201 0
202 0
203 0
204 0
205 0
206 0
207 0
208 0
209 0
210 0
211 0
212 0
213 0
214 0
215 0
216 0
217 0
218 0
219 0
220 0
221 0
222 0
223 0
224 0
225 0
226 0
227 0
228 0
229 0
230 0
231 0
232 0
233 0
234 0
235 0
236 0
237 0
238 0
239 0
240 0
241 0
242 0
243 0
244 0
245 0
246 0
247 0
248 0
249 0
250 0
251 0
252 0
253 0
254 0
255 0
 ; 5 255 255 255 255 255 255 255 255 255 255 255 255 255 255 255 255 255 255 255 255 255 255 255 255 255 255 255 255 255 255 255 255 255 255 255 255 255 255 255 255 255 255 255 255 255 255 255 255 255 255 255 255 255 255 255 255 255 255 255 255 255 255 255 255 255 255 255 255 255
255 255 255 255 255 255 255 255 255 255 255 255 255 255 255 255 255 255 255 255 255 255 255 255 255 255 255 255 255 255 255 255 255 255 255 255 255 255 255 255 255 255 255 255 255 255 255 255 255 255 255 255 255 255 255 255 255 255 255 255 255 255 255 255 255 255 255 255 255 255 255 255 255 255 255 255 255 255 255 255 255 255 255 255 255 255 255 255 255 255 255 255 255 255 255 255 255 255 255 255 255 255 255 255 255 255 255 255 255 255 255 255 255 255 255 255 255 255 255 255 255 255 255 255 255 255 255 255 255 255 255 255 255 255 255 255 255 255 255 255 255 255 255 255 255 255 255 255
255 255 255 255 255 255 255 255 255 255 255 255 255 255 255 255 255 255 255 255 255 255 255 255 255 255 255 255 255 255 255 255 255 255 255 255 255 255 255 255 255 255 255 255 255 255 255 255 255 255 255 255 255 255 255 255 255 255 255 255 255 255 255 255 255 255 255 255 255 255 255 255 255 255 255 255 255 255 255 255 255 255 255 255 255 255 255 255 255 255 255 255 255 255 255 255 255 255 255 255 255 255 255 255 255 255 255 255 255 255 255 255 255 255 255 255 255 255 255 255 255 255 255 255 255 255 255 255 255 255 255 255 255 255 255 255 255 255 255 255 255 255 255 255 255 255 255 255
255 255 255 255 255 255 255 255 255 255 255 255 255 255 255 255 255 255 255 255 255 255 255 255 255 255 255 255 255 255 255 255 255 255 255 255 255 255 255 255 255 255 255 255 255 255 255 255 255 255 255 255 255 255 255 255 255 255 255 255 255 255 255 255 255 255 255 255 255 255 255 255 255 255 255 255 255 255 255 255 255 255 255 255 255 255 255 255 255 255 255 255 255 255 255 255 255 255 255 255 255 255 255 255 255 255 255 255 255 255 255 255 255 255 255 255 255 255 255 255 255 255 255 255 255 255 255 255 255 255 255 255 255 255 255 255 255 255 255 255 255 255 255 255 255 255 255 255
255 255 255 255 255 255 255 255 255 255 255 255 255 255 255 255 255 255 255 255 255 255 255 255 255 255 255 255 255 255 255 255 255 255 255 255 255 255 255 255 255 255 255 255 255 255 255 255 255 255 255 255 255 255 255 255 255 255 255 255 255 255 255 255 255 255 255 255 255 255 255 255 255 255 255 255 255 255 255 255 255 255 255 255 255 255 255 255 255 255 255 255 255 255 255 255 255 255 255 255 255 255 255 255 255 255 255 255 255 255 255 255 255 255 255 255 255 255 255 255 255 255 255 255 255 255 255 255 255 255 255 255 255 255 255 255
255 255 255 255 255 255 255 255 255 255 255 255 255 255 255 255 255 255 255 255 255 255 255 255 255 255 255 255 255 255 255 255 255 255 255 255 255 255 255 255 255 255 255 255 255 255 255 255 255 255 255 255 255 255 255 255 255 255 255 255 255 255 255 255 255 255 255 255 255 255 255 255 255 255 255 255 255 255 255 255 255 255 255 255 255 255 255 255 255 255 255 255 255 255 255 255 255 255 255 255 255 255 255 255 255 255 255 255 255 255 255 255 255 255 255 255 255 255 25/home/sebastien/Documents/UPSSITECH/RedStringProject/Data/IMG_NG/home/sebastien/Documents/UPSSITECH/RedStringProject/Data/IMG_NG/61.txt
0 3881
1 0
2 0
3 0
4 0
5 0
6 0
7 0
8 0
9 0
10 0
11 0
12 0
13 0
14 0
15 0
16 0
17 0
18 0
19 0
20 0
21 0
22 0
23 0
24 0
25 0
26 0
27 0
28 0
29 0
30 0
31 0
32 0
33 0
34 0
35 0
36 0
37 0
38 0
39 0
40 0
41 0
42 0
43 0
44 0
45 0
46 0
47 0
48 0
49 0
50 0
51 0
52 0
53 0
54 0
55 0
56 0
57 0
58 0
59 0
60 0
61 0
62 0
63 0
64 0
65 0
66 0
67 0
68 0
69 0
70 0
71 0
72 0
73 0
74 0
75 0
76 0
77 0
78 0
79 0
80 0
81 0
82 0
83 0
84 0
85 0
86 0
87 0
88 0
89 0
90 0
91 0
92 0
93 0
94 0
95 0
96 0
97 0
98 0
99 0
100 0
101 0
102 0
103 0
104 0
105 0
106 0
107 0
108 0
109 0
110 0
111 0
112 0
113 0
114 0
115 0
116 0
117 0
118 0
119 0
120 0
121 0
122 0
123 0
124 0
125 0
126 0
127 0
128 0
129 0
130 0
131 0
132 0
133 0
134 0
135 0
136 0
137 0
138 0
139 0
140 0
141 0
142 0
143 0
144 0
145 0
146 0
147 0
148 0
149 0
150 0
151 0
152 0
153 0
154 0
155 0
156 0
157 0
158 0
159 0
160 0
161 0
162 0
163 0
164 0
165 0
166 0
167 0
168 0
169 0
170 0
171 0
172 0
173 0
174 0
175 0
176 0
177 0
178 0
179 0
180 0
181 0
182 0
183 0
184 0
185 0
186 0
187 0
188 0
189 0
190 0
191 11479
192 0
193 0
194 0
195 0
196 0
197 0
198 0
199 0
200 0
201 0
202 0
203 0
204 0
205 0
206 0
207 0
208 0
209 0
210 0
211 0
212 0
213 0
214 0
215 0
216 0
217 0
218 0
219 0
220 0
221 0
222 0
223 0
224 0
225 0
226 0
227 0
228 0
229 0
230 0
231 0
232 0
233 0
234 0
235 0
236 0
237 0
238 0
239 0
240 0
241 0
242 0
243 0
244 0
245 0
246 0
247 0
248 0
249 0
250 0
251 0
252 0
253 0
254 0
255 0
 ; $­û/home/sebastien/Documents/UPSSITECH/RedStringProject/Data/IMG_NG/home/sebastien/Documents/UPSSITECH/RedStringProject/Data/IMG_NG/52.txt
0 942
1 0
2 0
3 0
4 0
5 0
6 0
7 0
8 0
9 0
10 0
11 0
12 0
13 0
14 0
15 0
16 0
17 0
18 0
19 0
20 0
21 0
22 0
23 0
24 0
25 0
26 0
27 0
28 0
29 0
30 0
31 0
32 0
33 0
34 0
35 0
36 0
37 0
38 0
39 0
40 0
41 0
42 0
43 0
44 0
45 0
46 0
47 0
48 0
49 0
50 0
51 0
52 0
53 0
54 0
55 0
56 0
57 0
58 0
59 0
60 0
61 0
62 0
63 0
64 0
65 0
66 0
67 0
68 0
69 0
70 0
71 0
72 0
73 0
74 0
75 0
76 0
77 0
78 0
79 0
80 0
81 0
82 0
83 0
84 0
85 0
86 0
87 0
88 0
89 0
90 0
91 0
92 0
93 0
94 0
95 0
96 0
97 0
98 0
99 0
100 0
101 0
102 0
103 0
104 0
105 0
106 0
107 0
108 0
109 0
110 0
111 0
112 0
113 0
114 0
115 0
116 0
117 0
118 0
119 0
120 0
121 0
122 0
123 0
124 0
125 0
126 0
127 0
128 0
129 0
130 0
131 0
132 0
133 0
134 0
135 0
136 0
137 0
138 0
139 0
140 0
141 0
142 0
143 0
144 0
145 0
146 0
147 0
148 0
149 0
150 0
151 0
152 0
153 0
154 0
155 0
156 0
157 0
158 0
159 0
160 0
161 0
162 0
163 0
164 0
165 0
166 0
167 0
168 0
169 0
170 0
171 0
172 0
173 0
174 0
175 0
176 0
177 0
178 0
179 0
180 0
181 0
182 0
183 0
184 0
185 0
186 0
187 0
188 0
189 0
190 0
191 0
192 0
193 0
194 0
195 0
196 0
197 0
198 0
199 0
200 0
201 0
202 0
203 0
204 0
205 0
206 0
207 0
208 0
209 0
210 0
211 0
212 0
213 0
214 0
215 0
216 0
217 0
218 0
219 0
220 0
221 0
222 0
223 0
224 0
225 0
226 0
227 0
228 0
229 0
230 0
231 0
232 0
233 0
234 0
235 0
236 0
237 0
238 0
239 0
240 0
241 0
242 0
243 0
244 0
245 0
246 0
247 0
248 0
249 0
250 0
251 0
252 0
253 0
254 0
255 19778
 ; /home/sebastien/Documents/UPSSITECH/RedStringProject/Data/IMG_NG/home/sebastien/Documents/UPSSITECH/RedStringProject/Data/IMG_NG/51.txt
0 994
1 0
2 0
3 0
4 0
5 0
6 0
7 0
8 0
9 0
10 0
11 0
12 0
13 0
14 0
15 0
16 0
17 0
18 0
19 0
20 0
21 0
22 0
23 0
24 0
25 0
26 0
27 0
28 0
29 0
30 0
31 0
32 0
33 0
34 0
35 0
36 0
37 0
38 0
39 0
40 0
41 0
42 0
43 0
44 0
45 0
46 0
47 0
48 0
49 0
50 0
51 0
52 0
53 0
54 0
55 0
56 0
57 0
58 0
59 0
60 0
61 0
62 0
63 0
64 0
65 0
66 0
67 0
68 0
69 0
70 0
71 0
72 0
73 0
74 0
75 0
76 0
77 0
78 0
79 0
80 0
81 0
82 0
83 0
84 0
85 0
86 0
87 0
88 0
89 0
90 0
91 0
92 0
93 0
94 0
95 0
96 0
97 0
98 0
99 0
100 0
101 0
102 0
103 0
104 0
105 0
106 0
107 0
108 0
109 0
110 0
111 0
112 0
113 0
114 0
115 0
116 0
117 0
118 0
119 0
120 0
121 0
122 0
123 0
124 0
125 0
126 0
127 0
128 0
129 0
130 0
131 0
132 0
133 0
134 0
135 0
136 0
137 0
138 0
139 0
140 0
141 0
142 0
143 0
144 0
145 0
146 0
147 0
148 0
149 0
150 0
151 0
152 0
153 0
154 0
155 0
156 0
157 0
158 0
159 0
160 0
161 0
162 0
163 0
164 0
165 0
166 0
167 0
168 0
169 0
170 0
171 0
172 0
173 0
174 0
175 0
176 0
177 0
178 0
179 0
180 0
181 0
182 0
183 0
184 0
185 0
186 0
187 0
188 0
189 0
190 0
191 0
192 0
193 0
194 0
195 0
196 0
197 0
198 0
199 0
200 0
201 0
202 0
203 0
204 0
205 0
206 0
207 0
208 0
209 0
210 0
211 0
212 0
213 0
214 0
215 0
216 0
217 0
218 0
219 0
220 0
221 0
222 0
223 0
224 0
225 0
226 0
227 0
228 0
229 0
230 0
231 0
232 0
233 0
234 0
235 0
236 0
237 0
238 0
239 0
240 0
241 0
242 0
243 0
244 0
245 0
246 0
247 0
248 0
249 0
250 0
251 0
252 0
253 0
254 0
255 19726
